286 0.0001238406548509
3473 0.0001224567968166
4951 0.0001203936262755
3890 0.0001194972574012
7365 0.0001181801053463
6359 0.0001173365453724
4352 0.0001138287916547
7032 0.0001134991252911
7541 0.0001132182005676
3699 0.0001128710937337
4877 0.0001116499042837
3242 0.0001105049886974
6503 0.0001099258879549
4221 0.0001094187755371
7293 0.0001089835204766
2276 0.0001088109929697
1189 0.0001088038698072
1441 0.0001073084567906
1866 0.0001068004712579
8602 0.0001065109463525
5012 0.0001065104443114
2342 0.0001064266034518
4660 0.0001060506256181
7353 0.0001056644614437
1237 0.0001056046021404
257 0.0001055985121639
8036 0.0001055152606568
8314 0.0001055146494764
7633 0.0001054514505086
2797 0.0001053641390172
6901 0.0001049149650498
5303 0.0001047810437740
9602 0.0001047516780091
7451 0.0001047075566021
2289 0.0001045548051479
6579 0.0001041079667630
1522 0.0001041021605488
7833 0.0001039252965711
7036 0.0001037961847032
3916 0.0001037655456457
1312 0.0001036451722030
2026 0.0001033804728650
8754 0.0001032788713928
9559 0.0001030921775964
3279 0.0001030541243381
4384 0.0001030343919410
5553 0.0001029741106322
248 0.0001029160775943
2568 0.0001028560072882
1279 0.0001028465048876
3683 0.0001023524528136
1169 0.0001022871147143
7016 0.0001021101925289
6180 0.0001020698400680
8914 0.0001020196141326
7846 0.0001020104755298
7497 0.0001018575567286
5798 0.0001015832094708
6898 0.0001015753950924
2730 0.0001014177687466
6655 0.0001014158697217
1890 0.0001014038061840
8065 0.0001013894361677
9287 0.0001012941429508
5421 0.0001010752675938
9367 0.0001009526822600
6500 0.0001008966282825
517 0.0001008732360788
8561 0.0001008555045701
4240 0.0001008136678138
5568 0.0001004737496260
3545 0.0001003485886031
8550 0.0001003129873425
200 0.0001002520730253
9747 0.0001000686170300
2645 0.0000999216063065
3145 0.0000998938921839
1490 0.0000998367322609
9043 0.0000997513197944
614 0.0000997512543108
8517 0.0000997446404654
1340 0.0000997340393951
70 0.0000995279333438
1798 0.0000994965666905
7220 0.0000993160865619
348 0.0000993156791083
1042 0.0000991518681985
7854 0.0000987016755971
9910 0.0000986912273220
8278 0.0000986837403616
472 0.0000985956212389
6158 0.0000985817314358
3340 0.0000985316437436
226 0.0000985277292784
6030 0.0000985083825071
1493 0.0000984265425359
8937 0.0000983462305157
9520 0.0000983052523225
3483 0.0000981841076282
2794 0.0000981172415777
